#MB Crys. Seg. Phi Theta Rho
#Seg.0 is the core.

0 0 0     242.16      34.99     247.30
0 0 1     249.97      33.36     249.70
0 0 2     248.41      37.93     246.62
0 0 3     243.14      30.41     251.20
0 0 4     235.08      32.44     249.65
0 0 5     241.37      39.69     245.04
0 0 6     234.95      37.10     246.57
0 1 0     249.86      48.19     246.85
0 1 1     248.67      52.80     248.94
0 1 2     243.98      49.88     246.12
0 1 3     254.30      51.35     250.50
0 1 4     255.94      46.84     249.25
0 1 5     244.85      45.16     244.85
0 1 6     251.24      43.55     246.43
0 2 0     230.71      47.02     246.76
0 2 1     224.86      44.94     249.12
0 2 2     230.44      42.28     246.34
0 2 3     225.55      49.59     250.37
0 2 4     230.94      51.71     248.86
0 2 5     236.43      44.64     244.81
0 2 6     236.22      49.40     246.08
1 0 0     310.42      46.43     254.49
1 0 1     310.39      50.99     256.43
1 0 2     305.14      48.87     253.68
1 0 3     315.59      48.81     258.04
1 0 4     316.05      44.28     256.93
1 0 5     304.72      44.26     252.55
1 0 6     310.46      41.83     254.19
1 1 0     291.79      47.99     254.22
1 1 1     285.82      46.80     256.50
1 1 2     290.26      43.52     253.91
1 1 3     287.56      51.15     257.61
1 1 4     293.10      52.44     256.15
1 1 5     296.55      44.95     252.43
1 1 6     297.58      49.50     253.56
1 2 0     298.63      35.03     255.09
1 2 1     305.30      32.41     257.53
1 2 2     305.76      36.92     254.44
1 2 3     297.36      30.62     258.98
1 2 4     290.98      33.61     257.37
1 2 5     299.68      39.57     252.80
1 2 6     292.76      38.01     254.28
2 0 0     196.09      25.50     249.14
2 0 1     203.33      28.78     251.36
2 0 2     194.30      30.12     248.38
2 0 3     206.65      24.39     252.93
2 0 4     198.57      20.96     251.56
2 0 5     186.38      27.34     246.99
2 0 6     186.93      22.64     248.59
2 1 0     180.81      37.16     248.69
2 1 1     174.64      39.81     250.86
2 1 2     173.55      35.20     248.14
2 1 3     181.09      41.76     252.23
2 1 4     187.31      39.49     250.91
2 1 5     180.45      32.46     246.80
2 1 6     187.80      34.86     248.19
2 2 0     163.67      26.28     249.05
2 2 1     159.99      21.88     251.47
2 2 2     171.78      23.00     248.55
2 2 3     153.28      25.65     252.79
2 2 4     157.37      29.87     251.21
2 2 5     173.58      27.65     246.95
2 2 6     166.38      30.80     248.29
3 0 0     358.65      37.76     248.02
3 0 1     352.04      39.91     250.24
3 0 2     351.93      35.25     247.48
3 0 3     358.05      42.36     251.61
3 0 4       4.55      40.58     250.24
3 0 5     359.41      33.07     246.09
3 0 6       5.96      36.01     247.48
3 1 0     344.81      25.63     248.33
3 1 1     343.23      21.01     250.72
3 1 2     354.40      23.04     247.79
3 1 3     334.42      24.20     252.08
3 1 4     337.10      28.69     250.54
3 1 5     354.17      27.76     246.22
3 1 6     345.95      30.31     247.60
3 2 0      16.48      27.33     248.34
3 2 1      22.18      31.08     250.56
3 2 2      13.36      31.79     247.62
3 2 3      26.53      26.94     252.10
3 2 4      20.62      23.02     250.73
3 2 5       6.69      28.44     246.22
3 2 6       9.11      23.84     247.79
4 0 0     117.09      34.89     250.62
4 0 1     123.42      31.87     253.36
4 0 2     124.68      36.41     250.16
4 0 3     114.94      30.50     254.64
4 0 4     109.10      33.88     252.74
4 0 5     118.86      39.43     248.23
4 0 6     111.62      38.24     249.53
4 1 0     130.65      45.80     250.26
4 1 1     131.06      50.42     252.16
4 1 2     125.51      48.56     249.16
4 1 3     136.18      47.93     254.07
4 1 4     136.20      43.32     253.00
4 1 5     124.60      43.91     248.07
4 1 6     130.17      41.13     250.01
4 2 0     111.86      48.44     249.16
4 2 1     105.71      47.57     251.29
4 2 2     109.83      43.97     248.92
4 2 3     107.90      51.90     252.36
4 2 4     113.62      52.89     251.08
4 2 5     116.36      45.07     247.61
4 2 6     117.88      49.64     248.70
5 0 0      59.99      33.88     252.03
5 0 1      67.86      32.22     254.20
5 0 2      66.37      36.71     250.59
5 0 3      60.85      29.41     256.44
5 0 4      52.80      31.47     255.11
5 0 5      59.29      38.49     249.23
5 0 6      52.78      36.02     251.51
5 1 0      68.02      46.82     249.24
5 1 1      66.88      51.41     250.72
5 1 2      62.10      48.52     248.71
5 1 3      72.58      49.95     252.08
5 1 4      74.19      45.46     251.43
5 1 5      62.90      43.85     248.05
5 1 6      69.36      42.22     249.41
5 2 0      48.71      45.79     250.83
5 2 1      42.84      43.81     253.92
5 2 2      48.37      41.14     251.01
5 2 3      43.60      48.38     254.56
5 2 4      49.01      50.43     252.31
5 2 5      54.41      43.40     248.72
5 2 6      54.27      48.10     249.38
