#clu	cry	seg	phi	theta	rho
0	0	0	115.34	  34.99	254.44
0	0	1	107.38	 34.64	256.52
0	0	2	110.79	 38.70	253.32
0	0	3	112.06	 30.89	258.42
0	0	4	120.70	 31.54	257.18
0	0	5	118.07	 39.27	252.04
0	0	6	123.14	 35.86	253.98
0	1	0	112.76	 48.66	252.88
0	1	1	115.07	 52.88	254.73
0	1	2	118.83	 49.35	252.42
0	1	3	109.36	 52.37	256.00
0	1	4	106.66	 48.29	254.97
0	1	5	116.64	 44.99	251.39
0	1	6	110.10	 44.45	252.67
0	2	0	130.90	 44.54	254.01
0	2	1	136.05	 41.67	256.74
0	2	2	129.59	 40.02	253.80
0	2	3	136.78	 46.19	257.75
0	2	4	132.00	 49.04	255.84
0	2	5	124.55	 43.18	251.86
0	2	6	126.20	 47.67	252.90
1	0	0	 46.58	 44.07	257.46
1	0	1	 45.23	 48.47	259.36
1	0	2	 51.06	 47.29	255.89
1	0	3	 40.67	 45.51	261.70
1	0	4	 41.67	 41.10	260.63
1	0	5	 52.95	 42.92	254.80
1	0	6	 48.19	 39.65	257.19
1	1	0	 64.35	 48.68	254.60
1	1	1	 70.44	 48.51	256.14
1	1	2	 67.23	 44.59	254.32
1	1	3	 67.56	 52.48	257.22
1	1	4	 61.83	 52.81	256.50
1	1	5	 60.69	 44.94	253.59
1	1	6	 58.29	 49.18	254.69
1	2	0	 62.71	 35.08	256.84
1	2	1	 57.74	 31.53	260.01
1	2	2	 54.93	 35.73	256.92
1	2	3	 66.37	 31.11	260.73
1	2	4	 70.60	 34.94	258.37
1	2	5	 59.65	 39.24	254.54
1	2	6	 66.93	 38.87	255.27
2	0	0	164.14	 25.57	252.17
2	0	1	157.59	 29.06	254.18
2	0	2	166.64	 30.07	251.22
2	0	3	153.64	 24.86	255.93
2	0	4	160.73	 21.20	254.75
2	0	5	174.08	 27.04	250.02
2	0	6	172.58	 22.43	251.81
2	1	0	180.94	 36.53	251.36
2	1	1	187.39	 38.93	253.48
2	1	2	188.04	 34.34	250.99
2	1	3	181.07	 41.09	254.66
2	1	4	174.66	 39.08	253.37
2	1	5	180.78	 31.88	249.68
2	1	6	173.71	 34.51	250.88
2	2	0	196.86	 25.19	252.37
2	2	1	199.72	 20.76	254.96
2	2	2	187.91	 22.25	251.89
2	2	3	207.44	 24.24	256.25
2	2	4	203.87	 28.53	254.50
2	2	5	187.02	 26.88	250.11
2	2	6	194.79	 29.73	251.42
3	0	0	359.26	 37.47	255.28
3	0	1	  5.53	 39.79	257.20
3	0	2	  6.05	 35.29	254.57
3	0	3	359.46	 41.97	258.73
3	0	4	353.22	 39.97	257.60
3	0	5	359.01	 32.89	253.43
3	0	6	352.28	 35.51	254.98
3	1	0	 14.12	 26.19	255.32
3	1	1	 16.49	 21.76	257.68
3	1	2	  5.44	 23.39	255.00
3	1	3	 24.18	 25.13	258.77
3	1	4	 21.06	 29.39	257.25
3	1	5	  4.81	 27.94	253.45
3	1	6	 12.37	 30.71	254.58
3	2	0	343.13	 26.73	256.05
3	2	1	336.87	 30.12	258.40
3	2	2	345.51	 31.16	255.31
3	2	3	333.23	 25.99	259.93
3	2	4	339.94	 22.40	258.41
3	2	5	352.55	 28.15	253.76
3	2	6	351.07	 23.64	255.31
4	0	0	244.79	 35.66	254.74
4	0	1	240.61	 31.77	257.50
4	0	2	236.93	 35.81	254.62
4	0	3	249.19	 31.90	258.42
4	0	4	252.56	 36.01	256.49
4	0	5	241.07	 39.64	252.67
4	0	6	248.29	 39.73	253.60
4	1	0	227.28	 43.66	255.43
4	1	1	225.40	 47.99	257.57
4	1	2	231.41	 47.18	254.30
4	1	3	221.08	 44.75	259.49
4	1	4	222.67	 40.36	258.17
4	1	5	233.85	 42.91	252.96
4	1	6	229.50	 39.32	254.91
4	2	0	244.50	 49.40	253.69
4	2	1	250.51	 49.59	255.44
4	2	2	247.80	 45.48	253.16
4	2	3	247.27	 53.39	256.78
4	2	4	241.59	 53.37	255.85
4	2	5	241.32	 45.42	252.22
4	2	6	238.43	 49.53	253.57
5	0	0	295.97	 35.54	252.98
5	0	1	288.08	 35.28	255.12
5	0	2	291.54	 39.31	252.10
5	0	3	292.58	 31.44	256.82
5	0	4	301.19	 32.01	255.50
5	0	5	298.79	 39.83	250.76
5	0	6	303.74	 36.32	252.48
5	1	0	293.69	 49.29	252.13
5	1	1	296.06	 53.50	254.17
5	1	2	299.73	 49.92	251.62
5	1	3	290.37	 53.03	255.49
5	1	4	287.63	 48.99	254.29
5	1	5	297.49	 45.58	250.40
5	1	6	290.98	 45.09	251.74
5	2	0	311.68	 44.97	252.78
5	2	1	316.77	 42.03	255.31
5	2	2	310.28	 40.43	252.40
5	2	3	317.59	 46.54	256.50
5	2	4	312.87	 49.47	254.81
5	2	5	305.33	 43.69	250.68
5	2	6	307.04	 48.15	251.89
6	0	0	141.15	 80.24	256.51
6	0	1	145.31	 78.28	258.38
6	0	2	141.51	 75.69	256.28
6	0	3	144.90	 82.77	259.42
6	0	4	140.81	 84.74	258.36
6	0	5	137.28	 77.70	255.21
6	0	6	137.01	 82.26	256.26
6	1	0	134.87	 68.13	258.26
6	1	1	130.73	 65.79	261.11
6	1	2	130.57	 70.25	258.01
6	1	3	135.12	 63.73	262.14
6	1	4	139.25	 66.14	260.12
6	1	5	134.62	 72.64	255.95
6	1	6	138.93	 70.61	257.01
6	2	0	127.40	 79.58	258.25
6	2	1	127.31	 84.07	260.10
6	2	2	131.30	 81.98	256.99
6	2	3	123.49	 81.73	262.14
6	2	4	123.51	 77.26	261.11
6	2	5	131.47	 77.43	255.94
6	2	6	127.50	 75.05	258.01
7	0	0	 25.88	 84.06	253.80
7	0	1	 28.01	 88.13	254.70
7	0	2	 30.47	 84.31	250.11
7	0	3	 23.58	 87.81	259.10
7	0	4	 21.45	 83.85	259.05
7	0	5	 28.29	 80.17	250.05
7	0	6	 23.71	 79.98	254.54
7	1	0	 38.43	 77.77	245.44
7	1	1	 41.21	 73.86	245.98
7	1	2	 36.28	 73.49	246.23
7	1	3	 43.28	 78.15	246.05
7	1	4	 40.50	 82.07	246.35
7	1	5	 33.57	 77.48	246.53
7	1	6	 35.73	 81.70	246.59
7	2	0	 26.25	 70.26	253.16
7	2	1	 21.55	 70.33	258.41
7	2	2	 23.81	 74.24	254.28
7	2	3	 23.95	 66.37	258.11
7	2	4	 28.81	 66.32	253.68
7	2	5	 28.50	 74.32	249.78
7	2	6	 31.11	 70.32	249.48

